000000000000000100000000000000000
000000000000001010000000000000000
000000000000010001000000000000000
000000000000100000100000000000000
000000000001000000010000000000000
000011111110000000001111111000000
000001000000000000000000010000000
000000100000000000000000100000000
000000010000001110000001000000000
000000001000001010000010000000000
000000000100001110000100000000000
000000000010000000001000000000000
000000000001000000010000000000000
000000000010000000001000000000000
000000000100000000000100000000000
000000001000000000000010000000000
000000011111111111111111000000000
000000000000000000000000000000000